5.897618148737283406e+00
5.900750088896095313e+00
5.903882029054866365e+00
5.907013969213601889e+00
5.910145909372301887e+00
5.913277849530961916e+00
5.916409789689585530e+00
5.919541726914324009e+00
5.922673667072872128e+00
5.925805607231382055e+00
5.928937547389852902e+00
5.932069487548287334e+00
5.935201427706683575e+00
5.938333367865043400e+00
5.941465308023365921e+00
5.944597248181648474e+00
5.947729185406049446e+00
5.950861125564257392e+00
5.953993065722427147e+00
5.957125005880560487e+00
5.960256946038654746e+00
5.963388886196712591e+00
5.966520826354734020e+00
5.969652766512716369e+00
5.972784706670660526e+00
5.975916646828567380e+00
5.979048586986436931e+00
5.982180524210423123e+00
5.985312467302064121e+00
5.988444407459819985e+00
5.991576344683691602e+00
5.994708284841372858e+00
5.997840224999015035e+00
6.000972165156622573e+00
6.004104105314190143e+00
6.007236045471720409e+00
6.010367985629215148e+00
6.013499925786669031e+00
6.016631865944086499e+00
6.019763806101465775e+00
6.022895746258809524e+00
6.026027683482266362e+00
6.029159626573381559e+00
6.032291566730610732e+00
6.035423503953955660e+00
6.038555444111109338e+00
6.041687384268225713e+00
6.044819324425304785e+00
6.047951264582345665e+00
6.051083204739350130e+00
6.054215144896315515e+00
6.057347085053244484e+00
6.060479025210133486e+00
6.063610965366986960e+00
6.066742905523804019e+00
6.069874842746734167e+00
6.073006782903474843e+00
6.076138723060177327e+00
6.079270663216842507e+00
6.082402603373470384e+00
6.085534543530059182e+00
6.088666483686612452e+00
6.091798423843125754e+00
6.094930361065756586e+00
6.098062301222196169e+00
6.101194241378598448e+00
6.104326181534963425e+00
6.107458121691290209e+00
6.110590061847577914e+00
6.113722002003828315e+00
6.116853942160043189e+00
6.119985882316218984e+00
6.123117819538511419e+00
6.126249759694611718e+00
6.129381699850676490e+00
6.132513640006702182e+00
6.135645580162689683e+00
6.138777520318640768e+00
6.141909460474553661e+00
6.145041400630430140e+00
6.148173340786267538e+00
6.151305280942067633e+00
6.154437221097830424e+00
6.157569158319708968e+00
6.160701101409244096e+00
6.163833041564894089e+00
6.166964978786658058e+00
6.170096918942233444e+00
6.173228859097772414e+00
6.176360799253270528e+00
6.179492739408734003e+00
6.182624679564158399e+00
6.185756619719544602e+00
6.188888559874894391e+00
6.192020500030207764e+00
6.195152440185481169e+00
6.198284380340719046e+00
6.201416317562070013e+00
6.204548260651079339e+00
6.207680200806203530e+00
6.210812138027443474e+00
6.213944078182492170e+00
6.217076018337504451e+00
6.220207958492478539e+00
6.223339898647414437e+00
6.226471838802313030e+00
6.229603778957175209e+00
6.232735719112000083e+00
6.235867659266785878e+00
6.238999599421534370e+00
6.242131539576246446e+00
6.245263476797072499e+00
6.248395416951708192e+00
6.251527357106307470e+00
6.254659297260868556e+00
6.257791237415391450e+00
6.260923177569877929e+00
6.264055117724327104e+00
6.267187057878738088e+00
6.270318995099264825e+00
6.273450935253601202e+00
6.276582875407898499e+00
6.279714815562159380e+00
6.282846755716382958e+00
2.793388690983446623e-03
5.925328845131709946e-03
9.057268999242770388e-03
1.218920915331569640e-02
1.532114637350525353e-02
1.845308652750377379e-02
2.158502668146415615e-02
2.471696683538826891e-02
2.784890698927424552e-02
3.098084714312301577e-02
3.411278729693365680e-02
3.724472745070615820e-02
4.037666760444239000e-02
4.350860775814141546e-02
4.664054791180231169e-02
4.977248513157890575e-02
5.290442821901248510e-02
5.603636837255990266e-02
5.916830559222489155e-02
6.230024574569789642e-02
6.543218589913463168e-02
6.856412605253324466e-02
7.169606620589463741e-02
7.482800635921790788e-02
7.795994651250490182e-02
8.109188666575282978e-02
8.422382681896448120e-02
8.735576697213801034e-02
9.048770712527431925e-02
9.361964434452633987e-02
9.675158743143534579e-02
9.988352758445820379e-02
1.030154648035985915e-01
1.061474049565470368e-01
1.092793451094591917e-01
1.124112852623332381e-01
1.155432254151700505e-01
1.186751655679696843e-01
1.218071057207311542e-01
1.249390458734554593e-01
1.280709860261425304e-01
1.312029261787914791e-01
1.343348663314041513e-01
1.374668035501315777e-01
1.405987437026689213e-01
1.437306838551690724e-01
1.468626240076310596e-01
1.499945641600558544e-01
1.531265043124434289e-01
1.562584444647928950e-01
1.593903846171060568e-01
1.625223218355340282e-01
1.656542619877718614e-01
1.687862021399725021e-01
1.719181422921359226e-01
1.750500824442603187e-01
1.781820225963483828e-01
1.813139627483993099e-01
1.844459029004129613e-01
1.875778430523885043e-01
1.907097832043268826e-01
1.938417233562280406e-01
1.969736635080910625e-01
2.001056036599178078e-01
2.032375438117064170e-01
2.063694810296106963e-01
2.095014211813248928e-01
2.126333613330018968e-01
2.157653014846407369e-01
2.188972416362423845e-01
2.220291817878068674e-01
2.251611219393341023e-01
2.282930620908232289e-01
2.314250022422760511e-01
2.345569394598436552e-01
2.376888796112211488e-01
2.408208197625614500e-01
2.439527599138636427e-01
2.470847000651295311e-01
2.502166402163572556e-01
2.533485803675478154e-01
2.564805205187011272e-01
2.596124606698173021e-01
2.627444008208962289e-01
2.658763409719361315e-01
2.690082781890926200e-01
2.721402212739070237e-01
2.752721614248362370e-01
2.784040986418802044e-01
2.815360387927350327e-01
2.846679789435516694e-01
2.877999190943320018e-01
2.909318592450733099e-01
2.940637993957783691e-01
2.971957395464462359e-01
3.003276796970759110e-01
3.034596198476693374e-01
3.065915599982246831e-01
3.097235001487427253e-01
3.128554373653774645e-01
3.159873804496672878e-01
3.191193206000728089e-01
3.222512578165950270e-01
3.253831979669271068e-01
3.285151381172210505e-01
3.316470782674777462e-01
3.347790184176963613e-01
3.379109585678786720e-01
3.410428987180237903e-01
3.441748388681317716e-01
3.473067790182024495e-01
3.504387191682350466e-01
3.535706593182295077e-01
3.567025965343424421e-01
3.598345366842624626e-01
3.629664768341461789e-01
3.660984169839928137e-01
3.692303571338012014e-01
3.723622972835733402e-01
3.754942374333083976e-01
3.786261775830046528e-01
3.817581147988184931e-01
3.848900549484402522e-01
3.880219950980256516e-01
3.911539352475736919e-01
3.942858753970844288e-01
3.974178155465579176e-01
4.005497556959941030e-01
4.036816958453920412e-01
4.068136359947536751e-01
4.099455732102308958e-01
4.130775133595179782e-01
4.162094535087677571e-01
4.193413936579802326e-01
4.224733338071554600e-01
4.256052739562934395e-01
4.287372141053932273e-01
4.318691542544566553e-01
4.350010944034827243e-01
4.381330345524716008e-01
4.412649747014232293e-01
4.443969119164904447e-01
4.475288549992136877e-01
4.506607951480535723e-01
4.537927323630089882e-01
4.569246725117743213e-01
4.600566126605024064e-01
4.631885528091932991e-01
4.663204929578468327e-01
4.694524331064630629e-01
4.725843732550412124e-01
4.757163134035831131e-01
4.788482535520876548e-01
4.819801937005551151e-01
4.851121338489851609e-01
4.882440710635309600e-01
4.913760141457327313e-01
4.945079542940510886e-01
4.976398915084852548e-01
5.007718316567292272e-01
5.039037718049359516e-01
5.070357119531055945e-01
5.101676521012378229e-01
5.132995922493328589e-01
5.164315323973897032e-01
5.195634725454103542e-01
5.226954126933937017e-01
5.258273528413399678e-01
5.289592929892489304e-01
5.320912302032737573e-01
5.352231703511082239e-01
5.383551104989057201e-01
5.414870506466648026e-01
5.446189907943879138e-01
5.477509309420737216e-01
5.508828710897222258e-01
5.540148112373336486e-01
5.571467484510607138e-01
5.602786885985977516e-01
5.634106287460975970e-01
5.665425688935592508e-01
5.696745090409846002e-01
5.728064491883729792e-01
5.759383893357240547e-01
5.790703294830379377e-01
5.822022696303146283e-01
5.853342068437069612e-01
5.884661469909094889e-01
5.915980871380738249e-01
5.947300272852018566e-01
5.978619674322926958e-01
6.009939075793463426e-01
6.041258477263627968e-01
6.072577878733422807e-01
6.103897280202844611e-01
6.135216681671887828e-01
6.166536083140565783e-01
6.197855455270402381e-01
6.229174886076809248e-01
6.260494287544373648e-01
6.291813659673095582e-01
6.323133061139917244e-01
6.354452462606368091e-01
6.385771864072437021e-01
6.417091265538145128e-01
6.448410667003481311e-01
6.479730068468446680e-01
6.511049469933039013e-01
6.542368871397261643e-01
6.573688272861102355e-01
6.605007674324581135e-01
6.636327046449219669e-01
6.667646477250427361e-01
6.698965878712793698e-01
6.730285250836317568e-01
6.761604652297938944e-01
6.792924053759192837e-01
6.824243455220064813e-01
6.855562856680574857e-01
6.886882258140714086e-01
6.918201659600481390e-01
6.949521061059878990e-01
6.980840462518903555e-01
7.012159863977550645e-01
7.043479265435833581e-01
7.074798637555276271e-01
7.106118039012818688e-01
7.137437440469989181e-01
7.168756841926789969e-01
7.200076243383218833e-01
7.231395644839277992e-01
7.262715046294957455e-01
7.294034447750271655e-01
7.325353819866746719e-01
7.356673221321323730e-01
7.387992622775527707e-01
7.419312024229361979e-01
7.450631425682825437e-01
7.481950827135916970e-01
7.513270228588629918e-01
7.544589630040980932e-01
7.575909031492961132e-01
7.607228403606101086e-01
7.638547805057339657e-01
7.669867206508208524e-01
7.701186607958706576e-01
7.732506009408833814e-01
7.763825410858580245e-01
7.795144812307969184e-01
7.826464213756983979e-01
7.857783615205630179e-01
7.889103016653905565e-01
7.920422418101811246e-01
7.951741790210874461e-01
7.983061220996501284e-01
8.014380622443294522e-01
8.045699994551246403e-01
8.077019395997299123e-01
8.108338797442984358e-01
8.139658198888295448e-01
8.170977600333236834e-01
8.202297001777799634e-01
8.233616403222002722e-01
8.264935804665834995e-01
8.296255206109296454e-01
8.327574607552389319e-01
8.358894008995109148e-01
8.390213381098989842e-01
8.421532811879435254e-01
8.452852213321044861e-01
8.484171585423815332e-01
8.515490986864687750e-01
8.546810388305189354e-01
8.578129789745320144e-01
8.609449191185081229e-01
8.640768592624464839e-01
8.672087994063485406e-01
8.703407395502138488e-01
8.734726796940419646e-01
8.766046198378333321e-01
8.797365599815875070e-01
8.828684971914577684e-01
8.860004373351378915e-01
8.891323774787803780e-01
8.922643176223866712e-01
8.953962577659561051e-01
8.985281979094884575e-01
9.016601380529839505e-01
9.047920781964424730e-01
9.079240154060168599e-01
9.110559555494014417e-01
9.141878956927480537e-01
9.173198358360588056e-01
9.204517759793324760e-01
9.235837161225693981e-01
9.267156562657691277e-01
9.298475964089319978e-01
9.329795365520568984e-01
9.361114766951459387e-01
9.392434168381980086e-01
9.423753569812132191e-01
9.455072971241913482e-01
9.486392372671323958e-01
9.517711744761898629e-01
9.549031146190571917e-01
9.580350547618867729e-01
9.611669949046800498e-01
9.642989350474369115e-01
9.674308751901564696e-01
9.705628153328393903e-01
9.736947554754852296e-01
9.768266956180942096e-01
9.799586328268190538e-01
9.830905729693534267e-01
9.862225131118516064e-01
9.893544532543128156e-01
9.924863933967372764e-01
9.956183335391249889e-01
9.987502736814755089e-01
1.001882213823789280e+00
1.005014153966065305e+00
1.008146094108305135e+00
1.011278034250508107e+00
1.014409971458827497e+00
1.017541914534803915e+00
1.020673854676896308e+00
1.023805791885104677e+00
1.026937732027123351e+00
1.030069672169104056e+00
1.033201612311049233e+00
1.036333552452957329e+00
1.039465492594828566e+00
1.042597432736662943e+00
1.045729372878460017e+00
1.048861313020220010e+00
1.051993253161943809e+00
1.055125193303630748e+00
1.058257130511433664e+00
1.061389070653046884e+00
1.064521010794623246e+00
1.067652950936162748e+00
1.070784891077665169e+00
1.073916831219130286e+00
1.077048771360559209e+00
1.080180711501951496e+00
1.083312648709459536e+00
1.086444588850778104e+00
1.089576528992059812e+00
1.092708469133304439e+00
1.095840409274512428e+00
1.098972349415682670e+00
1.102104289556816941e+00
1.105236229697914574e+00
1.108368169838975126e+00
1.111500109979999262e+00
1.114632050120986317e+00
1.117763990261935625e+00
1.120895930402848961e+00
1.124027870543725660e+00
1.127159807750718556e+00
1.130291747891521537e+00
1.133423688032287879e+00
1.136555628173017141e+00
1.139687568313710209e+00
1.142819508454364863e+00
1.145951448594983768e+00
1.149083388735566258e+00
1.152215328876111888e+00
1.155347266082773716e+00
1.158479206223245628e+00
1.161611146363680458e+00
1.164743086504079095e+00
1.167875026644439762e+00
1.171006966784764680e+00
1.174138906925052739e+00
1.177270847065303938e+00
1.180402787205518722e+00
1.183534727345696425e+00
1.186666667485836602e+00
1.189798604692094752e+00
1.192930547766008376e+00
1.196062487906039085e+00
1.199194425112186213e+00
1.202326365252143425e+00
1.205458305392064000e+00
1.208590245531947716e+00
1.211722185671793905e+00
1.214854125811604346e+00
1.217986065951377928e+00
1.221118006091114427e+00
1.224249946230814956e+00
1.227381886370478181e+00
1.230513826510104103e+00
1.233645763715847998e+00
1.236777706789247366e+00
1.239909646928763820e+00
1.243041584134396471e+00
1.246173524273839650e+00
1.249305464413245970e+00
1.252437404552615652e+00
1.255569344691947808e+00
1.258701284831243772e+00
1.261833224970503320e+00
1.264965165109726675e+00
1.268097105248912726e+00
1.271229045388062140e+00
1.274360985527174916e+00
1.277492922732404113e+00
1.280624862871442504e+00
1.283756803010445147e+00
1.286888743149411374e+00
1.290020683288340519e+00
1.293152623427233250e+00
1.296284563566089343e+00
1.299416503704908576e+00
1.302548440909844230e+00
1.305680381048589522e+00
1.308812321187298622e+00
1.311944261325971306e+00
1.315076201464607353e+00
1.318208141603206762e+00
1.321340081741769534e+00
1.324472021880295447e+00
1.327603962018784278e+00
1.330735899223389751e+00
1.333867839361805752e+00
1.336999779500185337e+00
1.340131719638527841e+00
1.343263659776834373e+00
1.346395599915103825e+00
1.349527540053337082e+00
1.352659480191531927e+00
1.355791420329691910e+00
1.358923360467814812e+00
1.362055300605901298e+00
1.365187237810104204e+00
1.368319180881964359e+00
1.371451121019940045e+00
1.374583058224033705e+00
1.377714998361936116e+00
1.380846938499803001e+00
1.383978878637633247e+00
1.387110818775426635e+00
1.390242758913183385e+00
1.393374699050903720e+00
1.396506639188586529e+00
1.399638579326233812e+00
1.402770519463844234e+00
1.405902459601418242e+00
1.409034396805108669e+00
1.412166339876456567e+00
1.415298280013919774e+00
1.418430217217501177e+00
1.421562157354891331e+00
1.424694097492245959e+00
1.427826037629563949e+00
1.430957977766845080e+00
1.434089917904089795e+00
1.437221858041297873e+00
1.440353798178468425e+00
1.443485738315603895e+00
1.446617678452702505e+00
1.449749618589764477e+00
1.452881555792942647e+00
1.456013495929931567e+00
1.459145436066883850e+00
1.462277376203799939e+00
1.465409316340678059e+00
1.468541256477521095e+00
1.471673196614327050e+00
1.474805136751096590e+00
1.477937073953982994e+00
1.481069014090679259e+00
1.484200954227339331e+00
1.487332894363962987e+00
1.490464834500548896e+00
1.493596774637099722e+00
1.496728714773613689e+00
1.499860654910091018e+00
1.502992595046532376e+00
1.506124532249089709e+00
1.509256472385457348e+00
1.512388412521788572e+00
1.515520352658082714e+00
1.518652292794341330e+00
1.521784232930563086e+00
1.524916173066748648e+00
1.528048113202897573e+00
1.531180053339010305e+00
1.534311993475085290e+00
1.537443933611124969e+00
1.540575870813281067e+00
1.543707813883094637e+00
1.546839754019024848e+00
1.549971691221071257e+00
1.553103631356928416e+00
1.556235571492748937e+00
1.559367511628532377e+00
1.562499451764280289e+00
1.565631391899991565e+00
1.568763332035666425e+00
1.571895272171304647e+00
1.575027212306906677e+00
1.578159152442471402e+00
1.581291092578000379e+00
1.584423029779645997e+00
1.587554972848948864e+00
1.590686912984369039e+00
1.593818850185904967e+00
1.596950790321251867e+00
1.600082730456562352e+00
1.603214670591835533e+00
1.606346610727072743e+00
1.609478550862274204e+00
1.612610490997438806e+00
1.615742431132567214e+00
1.618874371267659207e+00
1.622006311402713896e+00
1.625138251537732836e+00
1.628270188738868418e+00
1.631402128873814528e+00
1.634534069008724666e+00
1.637666009143597945e+00
1.640797949278435475e+00
1.643929889413235923e+00
1.647061829547999068e+00
1.650193769682727352e+00
1.653325706883571833e+00
1.656457647018226620e+00
1.659589587152845880e+00
1.662721527287428058e+00
1.665853467421973821e+00
1.668985407556483613e+00
1.672117356399848154e+00
1.675249296534284449e+00
1.678381236668685217e+00
1.681513176803049570e+00
1.684645116937377063e+00
1.687777057071668363e+00
1.690908997205923692e+00
1.694040937340141939e+00
1.697172874540477716e+00
1.700304814674623133e+00
1.703436754808733022e+00
1.706568694942806497e+00
1.709700635076842667e+00
1.712832575210843977e+00
1.715964515344808206e+00
1.719096455478735797e+00
1.722228395612627416e+00
1.725360332812635678e+00
1.728492272946454689e+00
1.731624213080237729e+00
1.734756153213983909e+00
1.737888093347693674e+00
1.741020033481367690e+00
1.744151973615004847e+00
1.747283913748606254e+00
1.750415853882171024e+00
1.753547794015699379e+00
1.756679734149191541e+00
1.759811671348800566e+00
1.762943614416067284e+00
1.766075554549449977e+00
1.769207491748950201e+00
1.772339431882261396e+00
1.775471372015535954e+00
1.778603312148774096e+00
1.781735252281975823e+00
1.784867192415141357e+00
1.787999132548270920e+00
1.791131072681363623e+00
1.794263012814420799e+00
1.797394952947441560e+00
1.800526893080425461e+00
1.803658830279527114e+00
1.806790770412438407e+00
1.809922710545314395e+00
1.813054650678153967e+00
1.816186590810956680e+00
1.819318530943723422e+00
1.822450471076454193e+00
1.825582411209148326e+00
1.828714348407959989e+00
1.831846288540581291e+00
1.834978228673167511e+00
1.838110168805716871e+00
1.841242108938229816e+00
1.844374049070707011e+00
1.847505989203147791e+00
1.850637929335552379e+00
1.853769869467920550e+00
1.856901809600252751e+00
1.860033749732548758e+00
1.863165689864808572e+00
1.866297629997032193e+00
1.869429570129219176e+00
1.872561507327523911e+00
1.875693447459638508e+00
1.878825387591717577e+00
1.881957327723760010e+00
1.885089267855766026e+00
1.888221207987736516e+00
1.891353148119670813e+00
1.894485088251568028e+00
1.897617028383429716e+00
1.900748965581408712e+00
1.903880905713198013e+00
1.907012845844951343e+00
1.910144785976668036e+00
1.913276726108349202e+00
1.916408666239994174e+00
1.919540606371602287e+00
1.922672546503175095e+00
1.925804486634711488e+00
1.928936426766211243e+00
1.932068366897675249e+00
1.935200304095256341e+00
1.938332247160494459e+00
1.941464187291850330e+00
1.944596124489322841e+00
1.947728064620606325e+00
1.950860004751853616e+00
1.953991944883064269e+00
1.957123885014239395e+00
1.960255825145378328e+00
1.963387765276480845e+00
1.966519705407547614e+00
1.969651645538578411e+00
1.972783585669572348e+00
1.975915525800530759e+00
1.979047462997606255e+00
1.982179406062338778e+00
1.985311346193189053e+00
1.988443283390156191e+00
1.991575223520933857e+00
1.994707163651675774e+00
1.997839103782381054e+00
2.000971043913050806e+00
2.004102984043684366e+00
2.007234924174281510e+00
2.010366864304843126e+00
2.013498804435368328e+00
2.016630744565858446e+00
2.019762684696311261e+00
2.022894621892881162e+00
2.026026562023262478e+00
2.029158502153607380e+00
2.032290442283915866e+00
2.035422382414189268e+00
2.038554322544426256e+00
2.041686262674626828e+00
2.044818202804791429e+00
2.047950140001073560e+00
2.051082080131166219e+00
2.054214020261223350e+00
2.057345960391243622e+00
2.060477900521227923e+00
2.063609840651177141e+00
2.066741780781089055e+00
2.069873720910966330e+00
2.073005661040806746e+00
2.076137598236764692e+00
2.079269538366533610e+00
2.082401478496265224e+00
2.085533418625961755e+00
2.088665358755622758e+00
2.091797298885246903e+00
2.094929239014835520e+00
2.098061179144388166e+00
2.101193119273905285e+00
2.104325059403385545e+00
2.107456999532830721e+00
2.110588936728392095e+00
2.113720879791611384e+00
2.116852819920948203e+00
2.119984757116402552e+00
2.123116697245667428e+00
2.126248637374895889e+00
2.129380577504088823e+00
2.132512517633245785e+00
2.135644457762366777e+00
2.138776397891451353e+00
2.141908338020500402e+00
2.145040278149513480e+00
2.148172218278490586e+00
2.151304158407431721e+00
2.154436095602490386e+00
2.157568038665206522e+00
2.160699978794040188e+00
2.163831915988990495e+00
2.166963856117752218e+00
2.170095796246478415e+00
2.173227736375167751e+00
2.176359676503821561e+00
2.179491616632439399e+00
2.182623556761021266e+00
2.185755496889567606e+00
2.188887437018077531e+00
2.192019377146551484e+00
2.195151317274990799e+00
2.198283254469545867e+00
2.201415194597912794e+00
2.204547134726243307e+00
2.207679074854537848e+00
2.210811014982797307e+00
2.213942955111020350e+00
2.217074895239207422e+00
2.220206835367358966e+00
2.223338772561627152e+00
2.226470712689707199e+00
2.229602652817750830e+00
2.232734592945758489e+00
2.235866533073730622e+00
2.238998473201666339e+00
2.242130413329566530e+00
2.245262353457431637e+00
2.248394293585260328e+00
2.251526230779206106e+00
2.254658170906963299e+00
2.257790111034684077e+00
2.260922051162369328e+00
2.264053991290019052e+00
2.267185931417632361e+00
2.270317871545209698e+00
2.273449811672751952e+00
2.276581751800257791e+00
2.279713691927728547e+00
2.282845632055162888e+00
2.285977569248715202e+00
2.289109512309924543e+00
2.292241452437251858e+00
2.295373389630696259e+00
2.298505329757951632e+00
2.301637269885171033e+00
2.304769210012355352e+00
2.307901150139503255e+00
2.311033090266615186e+00
2.314165030393692035e+00
2.317296970520732913e+00
2.320428910647737375e+00
2.323560850774706754e+00
2.326692790901640606e+00
2.329824728094691544e+00
2.332956671155400397e+00
2.336088611282226335e+00
2.339220548475169359e+00
2.342352488601924687e+00
2.345484428728643156e+00
2.348616368855326542e+00
2.351748308981973956e+00
2.354880249108585399e+00
2.358012189235161760e+00
2.361144129361702149e+00
2.364276069488206566e+00
2.367408009614675013e+00
2.370539949741107932e+00
2.373671886933657937e+00
2.376803827060020247e+00
2.379935767186345696e+00
2.383067707312636063e+00
2.386199647438890459e+00
2.389331587565109327e+00
2.392463527691292224e+00
2.395595467817439594e+00
2.398727405009704050e+00
2.401859345135780366e+00
2.404991285261819822e+00
2.408123225387824640e+00
2.411255165513793930e+00
2.414387105639726805e+00
2.417519045765624153e+00
2.420650985891485973e+00
2.423782926017312711e+00
2.426914863209256090e+00
2.430046803335010441e+00
2.433178743460729709e+00
2.436310683586413450e+00
2.439442623712061664e+00
2.442574563837673463e+00
2.445706503963250178e+00
2.448838444088790922e+00
2.451970384214295695e+00
2.455102324339765385e+00
2.458234264465199548e+00
2.461366201656750796e+00
2.464498144715960404e+00
2.467630084841287541e+00
2.470762022032732208e+00
2.473893962157987847e+00
2.477025902283207959e+00
2.480157842408392543e+00
2.483289782533541601e+00
2.486421722658655131e+00
2.489553662783732690e+00
2.492685602908775166e+00
2.495817543033781227e+00
2.498949483158751761e+00
2.502081423283688100e+00
2.505213360474740636e+00
2.508345303533451531e+00
2.511477243658280400e+00
2.514609180849226355e+00
2.517741120973983726e+00
2.520873061098704682e+00
2.524005001223391442e+00
2.527136941348042676e+00
2.530268881472657050e+00
2.533400821597237229e+00
2.536532761721780993e+00
2.539664701846288786e+00
2.542796641970761939e+00
2.545928582095199566e+00
2.549060519285754278e+00
2.552192459410120851e+00
2.555324399534451896e+00
2.558456339658746526e+00
2.561588279783006517e+00
2.564720219907230092e+00
2.567852160031419029e+00
2.570984100155572438e+00
2.574116037345842933e+00
2.577247977469925289e+00
2.580379917593971228e+00
2.583511857717982529e+00
2.586643797841958303e+00
2.589775737965897662e+00
2.592907678089802381e+00
2.596039618213671130e+00
2.599171558337505239e+00
2.602303498461302933e+00
2.605435438585065544e+00
2.608567378708791740e+00
2.611699318832483740e+00
2.614831258956140214e+00
2.617963196145914218e+00
2.621095136269499637e+00
2.624227076393048641e+00
2.627359016516563006e+00
2.630490956640041400e+00
2.633622896763484267e+00
2.636754836886892939e+00
2.640167848334116218e+00
2.643319864771021876e+00
2.646471881207891119e+00
2.649623897644724391e+00
2.652775914081521691e+00
2.655927930518283908e+00
2.659079946955009266e+00
2.662231963391699097e+00
2.665383979828352956e+00
2.668535996264971732e+00
2.671688012701553649e+00
2.674840029138100039e+00
