  0.616788E-01  0.946359E+03  0.946359E+03  0.946359E+03      18
  0.107820E+00  0.231822E+03  0.231822E+03  0.231822E+03      62
  0.151481E+00  0.181310E+03  0.181310E+03  0.181310E+03      98
  0.196257E+00  0.934790E+02  0.934790E+02  0.934790E+02     210
  0.246377E+00  0.450636E+02  0.450636E+02  0.450636E+02     350
  0.295886E+00  0.262404E+02  0.262404E+02  0.262404E+02     450
  0.341793E+00  0.182622E+02  0.182622E+02  0.182622E+02     602
  0.387869E+00  0.137179E+02  0.137179E+02  0.137179E+02     762
  0.437763E+00  0.103622E+02  0.103622E+02  0.103622E+02    1142
  0.487834E+00  0.668995E+01  0.668995E+01  0.668995E+01    1250
  0.534616E+00  0.516182E+01  0.516182E+01  0.516182E+01    1458
  0.581396E+00  0.387304E+01  0.387304E+01  0.387304E+01    1814
  0.630484E+00  0.310497E+01  0.310497E+01  0.310497E+01    2178
  0.679250E+00  0.252489E+01  0.252489E+01  0.252489E+01    2498
  0.725784E+00  0.207862E+01  0.207862E+01  0.207862E+01    2622
  0.773540E+00  0.166129E+01  0.166129E+01  0.166129E+01    3338
  0.823184E+00  0.137531E+01  0.137531E+01  0.137531E+01    3722
  0.872517E+00  0.118241E+01  0.118241E+01  0.118241E+01    4170
  0.920069E+00  0.103108E+01  0.103108E+01  0.103108E+01    4358
  0.967539E+00  0.882181E+00  0.882181E+00  0.882181E+00    5034
  0.101653E+01  0.771059E+00  0.771059E+00  0.771059E+00    5714
  0.106505E+01  0.673749E+00  0.673749E+00  0.673749E+00    5982
  0.111270E+01  0.577094E+00  0.577094E+00  0.577094E+00    6602
  0.116041E+01  0.535119E+00  0.535119E+00  0.535119E+00    7130
  0.120902E+01  0.467205E+00  0.467205E+00  0.467205E+00    8034
  0.125801E+01  0.413683E+00  0.413683E+00  0.413683E+00    8606
  0.130635E+01  0.384017E+00  0.384017E+00  0.384017E+00    9066
  0.135461E+01  0.338156E+00  0.338156E+00  0.338156E+00    9962
  0.140308E+01  0.310311E+00  0.310311E+00  0.310311E+00   10550
  0.145116E+01  0.288105E+00  0.288105E+00  0.288105E+00   11226
  0.149928E+01  0.252754E+00  0.252754E+00  0.252754E+00   12146
  0.154725E+01  0.240362E+00  0.240362E+00  0.240362E+00   12606
  0.159532E+01  0.215021E+00  0.215021E+00  0.215021E+00   13802
  0.164415E+01  0.200644E+00  0.200644E+00  0.200644E+00   14754
  0.169257E+01  0.188550E+00  0.188550E+00  0.188550E+00   15194
  0.174072E+01  0.175570E+00  0.175570E+00  0.175570E+00   16454
  0.178926E+01  0.160976E+00  0.160976E+00  0.160976E+00   17154
  0.183761E+01  0.148674E+00  0.148674E+00  0.148674E+00   18266
  0.188555E+01  0.141201E+00  0.141201E+00  0.141201E+00   18750
  0.193365E+01  0.131758E+00  0.131758E+00  0.131758E+00   20234
  0.198236E+01  0.124387E+00  0.124387E+00  0.124387E+00   21450
  0.203093E+01  0.115549E+00  0.115549E+00  0.115549E+00   21962
  0.207919E+01  0.107834E+00  0.107834E+00  0.107834E+00   23462
  0.212737E+01  0.103911E+00  0.103911E+00  0.103911E+00   24042
  0.217595E+01  0.990157E-01  0.990157E-01  0.990157E-01   25946
  0.222419E+01  0.939952E-01  0.939952E-01  0.939952E-01   26118
  0.227195E+01  0.892377E-01  0.892377E-01  0.892377E-01   27506
  0.232002E+01  0.843396E-01  0.843396E-01  0.843396E-01   29066
  0.236882E+01  0.790882E-01  0.790882E-01  0.790882E-01   30450
  0.241757E+01  0.757553E-01  0.757553E-01  0.757553E-01   31742
  0.246571E+01  0.724645E-01  0.724645E-01  0.724645E-01   32250
  0.251396E+01  0.684234E-01  0.684234E-01  0.684234E-01   34250
  0.256248E+01  0.660247E-01  0.660247E-01  0.660247E-01   35454
  0.261076E+01  0.633114E-01  0.633114E-01  0.633114E-01   36434
  0.265874E+01  0.609208E-01  0.609208E-01  0.609208E-01   37682
  0.270679E+01  0.579546E-01  0.579546E-01  0.579546E-01   39294
  0.275540E+01  0.555703E-01  0.555703E-01  0.555703E-01   41426
  0.280396E+01  0.532998E-01  0.532998E-01  0.532998E-01   42066
  0.285204E+01  0.517093E-01  0.517093E-01  0.517093E-01   43490
  0.290041E+01  0.490995E-01  0.490995E-01  0.490995E-01   45702
  0.294896E+01  0.470792E-01  0.470792E-01  0.470792E-01   46634
  0.299732E+01  0.463852E-01  0.463852E-01  0.463851E-01   48554
  0.304523E+01  0.443846E-01  0.443846E-01  0.443846E-01   48870
  0.309316E+01  0.430214E-01  0.430214E-01  0.430214E-01   51554
  0.314188E+01  0.411964E-01  0.411964E-01  0.411964E-01   54090
  0.319055E+01  0.399879E-01  0.399879E-01  0.399879E-01   54314
  0.323890E+01  0.384333E-01  0.384333E-01  0.384333E-01   56910
  0.328715E+01  0.370704E-01  0.370704E-01  0.370704E-01   57482
  0.333562E+01  0.357711E-01  0.357711E-01  0.357711E-01   60626
  0.338390E+01  0.348612E-01  0.348612E-01  0.348612E-01   61206
  0.343191E+01  0.333504E-01  0.333504E-01  0.333504E-01   62570
  0.348020E+01  0.328155E-01  0.328155E-01  0.328155E-01   65730
  0.352860E+01  0.319836E-01  0.319836E-01  0.319836E-01   66686
  0.357713E+01  0.304172E-01  0.304172E-01  0.304172E-01   69698
  0.362544E+01  0.300080E-01  0.300080E-01  0.300080E-01   70026
  0.367371E+01  0.286339E-01  0.286339E-01  0.286339E-01   72746
  0.372214E+01  0.279358E-01  0.279358E-01  0.279358E-01   74910
  0.377042E+01  0.270334E-01  0.270334E-01  0.270334E-01   75722
  0.381849E+01  0.261493E-01  0.261493E-01  0.261493E-01   78378
  0.386671E+01  0.257381E-01  0.257381E-01  0.257381E-01   80030
  0.391512E+01  0.250097E-01  0.250097E-01  0.250097E-01   83186
  0.396361E+01  0.242369E-01  0.242369E-01  0.242369E-01   84666
  0.401199E+01  0.234094E-01  0.234094E-01  0.234094E-01   86546
  0.406023E+01  0.228242E-01  0.228242E-01  0.228242E-01   88134
  0.410850E+01  0.222556E-01  0.222556E-01  0.222556E-01   91538
  0.415721E+01  0.215526E-01  0.215526E-01  0.215526E-01   93138
  0.420542E+01  0.209993E-01  0.209993E-01  0.209993E-01   94478
  0.425359E+01  0.204015E-01  0.204015E-01  0.204015E-01   97274
  0.430187E+01  0.200900E-01  0.200900E-01  0.200900E-01   99690
  0.435049E+01  0.192563E-01  0.192563E-01  0.192563E-01  102590
  0.439893E+01  0.188092E-01  0.188092E-01  0.188092E-01  103770
  0.444710E+01  0.182381E-01  0.182381E-01  0.182381E-01  106346
  0.449544E+01  0.179123E-01  0.179123E-01  0.179123E-01  108546
  0.454361E+01  0.175389E-01  0.175389E-01  0.175389E-01  110726
  0.459166E+01  0.170225E-01  0.170225E-01  0.170225E-01  112322
  0.463973E+01  0.165936E-01  0.165936E-01  0.165936E-01  115890
  0.468829E+01  0.162277E-01  0.162277E-01  0.162277E-01  118766
  0.473690E+01  0.155560E-01  0.155560E-01  0.155560E-01  122298
  0.478534E+01  0.152605E-01  0.152605E-01  0.152605E-01  122090
  0.483331E+01  0.148622E-01  0.148622E-01  0.148622E-01  125810
  0.488221E+01  0.143898E-01  0.143898E-01  0.143898E-01  128190
  0.492986E+01  0.141185E-01  0.141185E-01  0.141185E-01  130994
  0.497913E+01  0.137541E-01  0.137541E-01  0.137541E-01  133722
  0.502638E+01  0.135139E-01  0.135139E-01  0.135139E-01  133886
  0.507530E+01  0.131398E-01  0.131398E-01  0.131398E-01  140538
  0.512349E+01  0.127959E-01  0.127959E-01  0.127959E-01  140594
  0.517182E+01  0.124382E-01  0.124382E-01  0.124382E-01  143594
  0.522025E+01  0.121706E-01  0.121706E-01  0.121706E-01  146310
  0.526828E+01  0.118343E-01  0.118343E-01  0.118343E-01  150650
  0.531760E+01  0.115619E-01  0.115619E-01  0.115619E-01  151914
  0.536456E+01  0.113260E-01  0.113260E-01  0.113260E-01  153398
  0.541406E+01  0.109805E-01  0.109805E-01  0.109805E-01  157866
  0.546068E+01  0.107074E-01  0.107074E-01  0.107074E-01  160658
  0.551102E+01  0.105242E-01  0.105242E-01  0.105242E-01  164102
  0.555790E+01  0.101078E-01  0.101078E-01  0.101078E-01  164994
  0.560709E+01  0.100265E-01  0.100265E-01  0.100265E-01  169850
  0.565508E+01  0.969155E-02  0.969155E-02  0.969155E-02  172986
  0.570355E+01  0.951581E-02  0.951581E-02  0.951581E-02  173894
  0.575172E+01  0.928777E-02  0.928777E-02  0.928777E-02  176778
  0.579941E+01  0.908300E-02  0.908300E-02  0.908300E-02  181802
  0.584914E+01  0.893349E-02  0.893349E-02  0.893349E-02  184430
  0.589557E+01  0.858877E-02  0.858877E-02  0.858877E-02  187242
  0.594562E+01  0.848022E-02  0.848022E-02  0.848022E-02  190250
  0.599303E+01  0.823907E-02  0.823907E-02  0.823907E-02  192570
  0.604305E+01  0.801635E-02  0.801636E-02  0.801635E-02  198254
  0.608972E+01  0.789017E-02  0.789017E-02  0.789017E-02  198074
  0.613796E+01  0.767093E-02  0.767093E-02  0.767093E-02  202050
  0.618651E+01  0.747515E-02  0.747515E-02  0.747515E-02  205502
  0.623594E+01  0.734923E-02  0.734923E-02  0.734923E-02  210666
  0.628407E+01  0.717454E-02  0.717454E-02  0.717454E-02  212426
  0.633035E+01  0.700407E-02  0.700407E-02  0.700407E-02  213918
  0.637942E+01  0.683014E-02  0.683014E-02  0.683014E-02  220994
  0.642946E+01  0.668315E-02  0.668315E-02  0.668315E-02  221522
  0.647845E+01  0.651911E-02  0.651911E-02  0.651911E-02  226314
  0.652392E+01  0.643307E-02  0.643307E-02  0.643307E-02  227294
  0.657198E+01  0.624113E-02  0.624113E-02  0.624113E-02  232962
  0.662257E+01  0.610087E-02  0.610087E-02  0.610087E-02  237818
  0.667183E+01  0.597576E-02  0.597576E-02  0.597576E-02  238398
  0.671849E+01  0.586525E-02  0.586525E-02  0.586525E-02  241418
  0.676498E+01  0.568999E-02  0.568999E-02  0.568999E-02  246818
  0.681433E+01  0.558839E-02  0.558839E-02  0.558839E-02  249906
  0.686528E+01  0.547620E-02  0.547620E-02  0.547620E-02  254702
  0.691298E+01  0.537741E-02  0.537741E-02  0.537741E-02  254418
  0.695785E+01  0.524357E-02  0.524357E-02  0.524357E-02  260354
  0.700581E+01  0.511623E-02  0.511623E-02  0.511623E-02  264974
  0.705877E+01  0.501364E-02  0.501365E-02  0.501365E-02  268722
  0.710699E+01  0.489628E-02  0.489628E-02  0.489628E-02  271562
  0.715289E+01  0.479856E-02  0.479856E-02  0.479856E-02  275586
  0.719961E+01  0.465813E-02  0.465813E-02  0.465813E-02  280190
  0.725018E+01  0.458403E-02  0.458403E-02  0.458403E-02  282834
  0.730103E+01  0.448760E-02  0.448760E-02  0.448760E-02  285170
  0.734780E+01  0.438384E-02  0.438384E-02  0.438384E-02  289886
  0.739210E+01  0.432623E-02  0.432623E-02  0.432623E-02  294474
  0.744176E+01  0.420064E-02  0.420064E-02  0.420064E-02  299498
  0.749490E+01  0.412005E-02  0.412005E-02  0.412005E-02  299958
  0.753847E+01  0.403539E-02  0.403539E-02  0.403539E-02  305858
  0.759147E+01  0.398009E-02  0.398009E-02  0.398009E-02  310794
  0.763314E+01  0.385872E-02  0.385872E-02  0.385872E-02  313082
  0.768538E+01  0.378642E-02  0.378642E-02  0.378642E-02  316046
  0.773783E+01  0.372822E-02  0.372822E-02  0.372822E-02  322218
  0.777621E+01  0.363839E-02  0.363839E-02  0.363839E-02  328562
  0.783353E+01  0.358419E-02  0.358419E-02  0.358419E-02  327990
  0.787657E+01  0.349553E-02  0.349553E-02  0.349553E-02  335282
  0.792497E+01  0.344592E-02  0.344592E-02  0.344592E-02  335970
  0.798201E+01  0.335778E-02  0.335778E-02  0.335778E-02  344066
  0.801640E+01  0.329028E-02  0.329028E-02  0.329028E-02  343718
  0.807321E+01  0.321202E-02  0.321203E-02  0.321202E-02  351498
  0.812290E+01  0.316124E-02  0.316124E-02  0.316124E-02  354458
  0.816097E+01  0.308994E-02  0.308994E-02  0.308994E-02  358566
  0.822650E+01  0.303799E-02  0.303799E-02  0.303799E-02  366122
  0.825878E+01  0.297748E-02  0.297748E-02  0.297748E-02  365810
  0.831351E+01  0.291765E-02  0.291765E-02  0.291765E-02  371622
  0.836771E+01  0.285065E-02  0.285065E-02  0.285065E-02  375986
  0.839862E+01  0.279118E-02  0.279118E-02  0.279118E-02  382170
  0.846880E+01  0.275418E-02  0.275418E-02  0.275418E-02  381818
  0.850236E+01  0.270011E-02  0.270011E-02  0.270011E-02  389574
  0.855193E+01  0.265010E-02  0.265010E-02  0.265010E-02  393698
  0.861280E+01  0.259131E-02  0.259131E-02  0.259131E-02  399458
  0.864056E+01  0.254220E-02  0.254220E-02  0.254220E-02  402222
  0.870672E+01  0.248969E-02  0.248970E-02  0.248970E-02  406922
  0.874943E+01  0.244364E-02  0.244364E-02  0.244364E-02  412842
  0.878742E+01  0.240876E-02  0.240876E-02  0.240876E-02  415346
  0.885832E+01  0.235483E-02  0.235483E-02  0.235483E-02  421182
  0.888403E+01  0.231122E-02  0.231122E-02  0.231122E-02  425018
  0.894364E+01  0.228025E-02  0.228025E-02  0.228025E-02  431138
  0.899601E+01  0.221822E-02  0.221822E-02  0.221822E-02  434382
  0.902102E+01  0.218281E-02  0.218281E-02  0.218281E-02  439514
  0.910421E+01  0.213845E-02  0.213845E-02  0.213845E-02  444738
  0.912890E+01  0.210055E-02  0.210055E-02  0.210055E-02  448910
  0.918071E+01  0.207956E-02  0.207956E-02  0.207956E-02  450618
  0.924184E+01  0.203134E-02  0.203134E-02  0.203134E-02  459554
  0.926440E+01  0.198762E-02  0.198762E-02  0.198762E-02  463106
  0.933592E+01  0.195384E-02  0.195384E-02  0.195384E-02  467094
  0.937602E+01  0.191768E-02  0.191768E-02  0.191768E-02  474938
  0.942178E+01  0.188971E-02  0.188971E-02  0.188971E-02  477186
  0.948830E+01  0.185176E-02  0.185176E-02  0.185176E-02  484670
  0.950902E+01  0.181752E-02  0.181752E-02  0.181752E-02  487010
  0.956615E+01  0.179443E-02  0.179443E-02  0.179443E-02  493314
  0.961899E+01  0.176198E-02  0.176198E-02  0.176198E-02  496322
  0.966396E+01  0.173171E-02  0.173171E-02  0.173171E-02  501702
