  0.616788E-01  0.283959E+02  0.283959E+02  0.283959E+02      18
  0.107820E+00  0.142061E+02  0.142061E+02  0.142061E+02      62
  0.151481E+00  0.121959E+02  0.121959E+02  0.121959E+02      98
  0.196257E+00  0.546850E+01  0.546850E+01  0.546850E+01     210
  0.246377E+00  0.338433E+01  0.338433E+01  0.338433E+01     350
  0.295886E+00  0.239059E+01  0.239059E+01  0.239059E+01     450
  0.341793E+00  0.191481E+01  0.191481E+01  0.191481E+01     602
  0.387869E+00  0.148477E+01  0.148477E+01  0.148477E+01     762
  0.437763E+00  0.978835E+00  0.978835E+00  0.978835E+00    1142
  0.487834E+00  0.802286E+00  0.802286E+00  0.802286E+00    1250
  0.534616E+00  0.628128E+00  0.628128E+00  0.628128E+00    1458
  0.581396E+00  0.516100E+00  0.516100E+00  0.516100E+00    1814
  0.630484E+00  0.426021E+00  0.426021E+00  0.426021E+00    2178
  0.679250E+00  0.337970E+00  0.337970E+00  0.337970E+00    2498
  0.725784E+00  0.282646E+00  0.282646E+00  0.282646E+00    2622
  0.773540E+00  0.226411E+00  0.226411E+00  0.226411E+00    3338
  0.823184E+00  0.202282E+00  0.202282E+00  0.202282E+00    3722
  0.872517E+00  0.166932E+00  0.166932E+00  0.166932E+00    4170
  0.920069E+00  0.146028E+00  0.146028E+00  0.146028E+00    4358
  0.967539E+00  0.122326E+00  0.122326E+00  0.122326E+00    5034
  0.101653E+01  0.103359E+00  0.103359E+00  0.103359E+00    5714
  0.106505E+01  0.908141E-01  0.908141E-01  0.908141E-01    5982
  0.111270E+01  0.825407E-01  0.825407E-01  0.825407E-01    6602
  0.116041E+01  0.719065E-01  0.719065E-01  0.719065E-01    7130
  0.120902E+01  0.624622E-01  0.624622E-01  0.624622E-01    8034
  0.125801E+01  0.565575E-01  0.565575E-01  0.565575E-01    8606
  0.130635E+01  0.511544E-01  0.511544E-01  0.511544E-01    9066
  0.135461E+01  0.438315E-01  0.438315E-01  0.438315E-01    9962
  0.140308E+01  0.400003E-01  0.400003E-01  0.400003E-01   10550
  0.145116E+01  0.370858E-01  0.370858E-01  0.370858E-01   11226
  0.149928E+01  0.333428E-01  0.333428E-01  0.333428E-01   12146
  0.154725E+01  0.306181E-01  0.306181E-01  0.306181E-01   12606
  0.159532E+01  0.287087E-01  0.287087E-01  0.287087E-01   13802
  0.164415E+01  0.259843E-01  0.259843E-01  0.259843E-01   14754
  0.169257E+01  0.238027E-01  0.238027E-01  0.238027E-01   15194
  0.174072E+01  0.219128E-01  0.219128E-01  0.219128E-01   16454
  0.178926E+01  0.205997E-01  0.205997E-01  0.205997E-01   17154
  0.183761E+01  0.186759E-01  0.186759E-01  0.186759E-01   18266
  0.188555E+01  0.175400E-01  0.175400E-01  0.175400E-01   18750
  0.193365E+01  0.166591E-01  0.166591E-01  0.166591E-01   20234
  0.198236E+01  0.154669E-01  0.154669E-01  0.154669E-01   21450
  0.203093E+01  0.147977E-01  0.147977E-01  0.147977E-01   21962
  0.207919E+01  0.138956E-01  0.138956E-01  0.138956E-01   23462
  0.212737E+01  0.130654E-01  0.130654E-01  0.130654E-01   24042
  0.217595E+01  0.123519E-01  0.123519E-01  0.123519E-01   25946
  0.222419E+01  0.113816E-01  0.113816E-01  0.113816E-01   26118
  0.227195E+01  0.109052E-01  0.109052E-01  0.109052E-01   27506
  0.232002E+01  0.104613E-01  0.104613E-01  0.104613E-01   29066
  0.236882E+01  0.978119E-02  0.978119E-02  0.978119E-02   30450
  0.241757E+01  0.935803E-02  0.935803E-02  0.935803E-02   31742
  0.246571E+01  0.893612E-02  0.893613E-02  0.893613E-02   32250
  0.251396E+01  0.860718E-02  0.860717E-02  0.860717E-02   34250
  0.256248E+01  0.810649E-02  0.810649E-02  0.810649E-02   35454
  0.261076E+01  0.773923E-02  0.773923E-02  0.773923E-02   36434
  0.265874E+01  0.745431E-02  0.745431E-02  0.745431E-02   37682
  0.270679E+01  0.710428E-02  0.710428E-02  0.710428E-02   39294
  0.275540E+01  0.688548E-02  0.688548E-02  0.688548E-02   41426
  0.280396E+01  0.651965E-02  0.651964E-02  0.651964E-02   42066
  0.285204E+01  0.629680E-02  0.629680E-02  0.629680E-02   43490
  0.290041E+01  0.597980E-02  0.597980E-02  0.597980E-02   45702
  0.294896E+01  0.578392E-02  0.578392E-02  0.578392E-02   46634
  0.299732E+01  0.559196E-02  0.559196E-02  0.559196E-02   48554
  0.304523E+01  0.531737E-02  0.531737E-02  0.531737E-02   48870
  0.309316E+01  0.509145E-02  0.509145E-02  0.509145E-02   51554
  0.314188E+01  0.490703E-02  0.490703E-02  0.490703E-02   54090
  0.319055E+01  0.473644E-02  0.473644E-02  0.473644E-02   54314
  0.323890E+01  0.453771E-02  0.453771E-02  0.453771E-02   56910
  0.328715E+01  0.442181E-02  0.442181E-02  0.442181E-02   57482
  0.333562E+01  0.427337E-02  0.427337E-02  0.427337E-02   60626
  0.338390E+01  0.410354E-02  0.410354E-02  0.410354E-02   61206
  0.343191E+01  0.398243E-02  0.398243E-02  0.398243E-02   62570
  0.348020E+01  0.386773E-02  0.386773E-02  0.386773E-02   65730
  0.352860E+01  0.374795E-02  0.374795E-02  0.374795E-02   66686
  0.357713E+01  0.360716E-02  0.360716E-02  0.360716E-02   69698
  0.362544E+01  0.348113E-02  0.348113E-02  0.348113E-02   70026
  0.367371E+01  0.331793E-02  0.331793E-02  0.331793E-02   72746
  0.372214E+01  0.327888E-02  0.327888E-02  0.327888E-02   74910
  0.377042E+01  0.314641E-02  0.314641E-02  0.314641E-02   75722
  0.381849E+01  0.306968E-02  0.306968E-02  0.306968E-02   78378
  0.386671E+01  0.296852E-02  0.296852E-02  0.296852E-02   80030
  0.391512E+01  0.285680E-02  0.285680E-02  0.285680E-02   83186
  0.396361E+01  0.280897E-02  0.280897E-02  0.280897E-02   84666
  0.401199E+01  0.270726E-02  0.270726E-02  0.270726E-02   86546
  0.406023E+01  0.261720E-02  0.261720E-02  0.261720E-02   88134
  0.410850E+01  0.255794E-02  0.255794E-02  0.255794E-02   91538
  0.415721E+01  0.246868E-02  0.246868E-02  0.246868E-02   93138
  0.420542E+01  0.238859E-02  0.238859E-02  0.238859E-02   94478
  0.425359E+01  0.233270E-02  0.233270E-02  0.233270E-02   97274
  0.430187E+01  0.225616E-02  0.225616E-02  0.225616E-02   99690
  0.435049E+01  0.219089E-02  0.219089E-02  0.219089E-02  102590
  0.439893E+01  0.210973E-02  0.210973E-02  0.210973E-02  103770
  0.444710E+01  0.208269E-02  0.208269E-02  0.208269E-02  106346
  0.449544E+01  0.201233E-02  0.201233E-02  0.201233E-02  108546
  0.454361E+01  0.197712E-02  0.197712E-02  0.197712E-02  110726
  0.459166E+01  0.191092E-02  0.191092E-02  0.191092E-02  112322
  0.463973E+01  0.186864E-02  0.186864E-02  0.186864E-02  115890
  0.468829E+01  0.180825E-02  0.180825E-02  0.180825E-02  118766
  0.473690E+01  0.176686E-02  0.176686E-02  0.176686E-02  122298
  0.478534E+01  0.172102E-02  0.172102E-02  0.172102E-02  122090
  0.483331E+01  0.167446E-02  0.167446E-02  0.167446E-02  125810
  0.488221E+01  0.162896E-02  0.162896E-02  0.162896E-02  128190
  0.492986E+01  0.159376E-02  0.159376E-02  0.159376E-02  130994
  0.497913E+01  0.156169E-02  0.156169E-02  0.156169E-02  133722
  0.502638E+01  0.152094E-02  0.152094E-02  0.152094E-02  133886
  0.507530E+01  0.148950E-02  0.148950E-02  0.148950E-02  140538
  0.512349E+01  0.144922E-02  0.144922E-02  0.144922E-02  140594
  0.517182E+01  0.141274E-02  0.141274E-02  0.141274E-02  143594
  0.522025E+01  0.138473E-02  0.138473E-02  0.138473E-02  146310
  0.526828E+01  0.135291E-02  0.135291E-02  0.135291E-02  150650
  0.531760E+01  0.131925E-02  0.131925E-02  0.131925E-02  151914
  0.536456E+01  0.128420E-02  0.128420E-02  0.128420E-02  153398
  0.541406E+01  0.126788E-02  0.126788E-02  0.126788E-02  157866
  0.546068E+01  0.122878E-02  0.122878E-02  0.122878E-02  160658
  0.551102E+01  0.120380E-02  0.120380E-02  0.120380E-02  164102
  0.555790E+01  0.117739E-02  0.117739E-02  0.117739E-02  164994
  0.560709E+01  0.115640E-02  0.115640E-02  0.115640E-02  169850
  0.565508E+01  0.112914E-02  0.112914E-02  0.112914E-02  172986
  0.570355E+01  0.110726E-02  0.110726E-02  0.110726E-02  173894
  0.575172E+01  0.107934E-02  0.107934E-02  0.107934E-02  176778
  0.579941E+01  0.106637E-02  0.106637E-02  0.106637E-02  181802
  0.584914E+01  0.103819E-02  0.103819E-02  0.103819E-02  184430
  0.589557E+01  0.101761E-02  0.101761E-02  0.101761E-02  187242
  0.594562E+01  0.100872E-02  0.100872E-02  0.100872E-02  190250
  0.599303E+01  0.975284E-03  0.975284E-03  0.975284E-03  192570
  0.604305E+01  0.963014E-03  0.963014E-03  0.963014E-03  198254
  0.608972E+01  0.934573E-03  0.934573E-03  0.934573E-03  198074
  0.613796E+01  0.917976E-03  0.917976E-03  0.917976E-03  202050
  0.618651E+01  0.905180E-03  0.905180E-03  0.905180E-03  205502
  0.623594E+01  0.885571E-03  0.885571E-03  0.885571E-03  210666
  0.628407E+01  0.867419E-03  0.867419E-03  0.867419E-03  212426
  0.633035E+01  0.849638E-03  0.849638E-03  0.849638E-03  213918
  0.637942E+01  0.832114E-03  0.832114E-03  0.832114E-03  220994
  0.642946E+01  0.812973E-03  0.812972E-03  0.812973E-03  221522
  0.647845E+01  0.797548E-03  0.797548E-03  0.797548E-03  226314
  0.652392E+01  0.786569E-03  0.786569E-03  0.786569E-03  227294
  0.657198E+01  0.769704E-03  0.769704E-03  0.769704E-03  232962
  0.662257E+01  0.755170E-03  0.755170E-03  0.755170E-03  237818
  0.667183E+01  0.743589E-03  0.743589E-03  0.743589E-03  238398
  0.671849E+01  0.729652E-03  0.729652E-03  0.729652E-03  241418
  0.676498E+01  0.718152E-03  0.718152E-03  0.718152E-03  246818
  0.681433E+01  0.705139E-03  0.705139E-03  0.705139E-03  249906
  0.686528E+01  0.690649E-03  0.690649E-03  0.690649E-03  254702
  0.691298E+01  0.675739E-03  0.675739E-03  0.675739E-03  254418
  0.695785E+01  0.669023E-03  0.669023E-03  0.669023E-03  260354
  0.700581E+01  0.655269E-03  0.655269E-03  0.655269E-03  264974
  0.705877E+01  0.642524E-03  0.642524E-03  0.642523E-03  268722
  0.710699E+01  0.632780E-03  0.632780E-03  0.632780E-03  271562
  0.715289E+01  0.618929E-03  0.618929E-03  0.618929E-03  275586
  0.719961E+01  0.613113E-03  0.613113E-03  0.613113E-03  280190
  0.725018E+01  0.602252E-03  0.602252E-03  0.602253E-03  282834
  0.730103E+01  0.592040E-03  0.592040E-03  0.592040E-03  285170
  0.734780E+01  0.580955E-03  0.580955E-03  0.580955E-03  289886
  0.739210E+01  0.571409E-03  0.571409E-03  0.571409E-03  294474
  0.744176E+01  0.561566E-03  0.561566E-03  0.561566E-03  299498
  0.749490E+01  0.550580E-03  0.550580E-03  0.550580E-03  299958
  0.753847E+01  0.543079E-03  0.543079E-03  0.543079E-03  305858
  0.759147E+01  0.533014E-03  0.533014E-03  0.533014E-03  310794
  0.763314E+01  0.524973E-03  0.524973E-03  0.524973E-03  313082
  0.768538E+01  0.516335E-03  0.516335E-03  0.516335E-03  316046
  0.773783E+01  0.507527E-03  0.507527E-03  0.507527E-03  322218
  0.777621E+01  0.499093E-03  0.499093E-03  0.499093E-03  328562
  0.783353E+01  0.489549E-03  0.489549E-03  0.489549E-03  327990
  0.787657E+01  0.482204E-03  0.482204E-03  0.482204E-03  335282
  0.792497E+01  0.478060E-03  0.478060E-03  0.478060E-03  335970
  0.798201E+01  0.470165E-03  0.470165E-03  0.470165E-03  344066
  0.801640E+01  0.461985E-03  0.461985E-03  0.461985E-03  343718
  0.807321E+01  0.456909E-03  0.456909E-03  0.456909E-03  351498
  0.812290E+01  0.448405E-03  0.448405E-03  0.448405E-03  354458
  0.816097E+01  0.442344E-03  0.442344E-03  0.442344E-03  358566
  0.822650E+01  0.436355E-03  0.436355E-03  0.436355E-03  366122
  0.825878E+01  0.428830E-03  0.428830E-03  0.428830E-03  365810
  0.831351E+01  0.421607E-03  0.421607E-03  0.421607E-03  371622
  0.836771E+01  0.418727E-03  0.418727E-03  0.418727E-03  375986
  0.839862E+01  0.415583E-03  0.415583E-03  0.415583E-03  382170
  0.846880E+01  0.408556E-03  0.408556E-03  0.408556E-03  381818
  0.850236E+01  0.402835E-03  0.402835E-03  0.402835E-03  389574
  0.855193E+01  0.397668E-03  0.397668E-03  0.397668E-03  393698
  0.861280E+01  0.390916E-03  0.390916E-03  0.390916E-03  399458
  0.864056E+01  0.386777E-03  0.386777E-03  0.386777E-03  402222
  0.870672E+01  0.381099E-03  0.381099E-03  0.381099E-03  406922
  0.874943E+01  0.375777E-03  0.375777E-03  0.375777E-03  412842
  0.878742E+01  0.369879E-03  0.369879E-03  0.369879E-03  415346
  0.885832E+01  0.363891E-03  0.363891E-03  0.363891E-03  421182
  0.888403E+01  0.359704E-03  0.359704E-03  0.359704E-03  425018
  0.894364E+01  0.354991E-03  0.354991E-03  0.354991E-03  431138
  0.899601E+01  0.351110E-03  0.351110E-03  0.351110E-03  434382
  0.902102E+01  0.345064E-03  0.345064E-03  0.345064E-03  439514
  0.910421E+01  0.341818E-03  0.341818E-03  0.341818E-03  444738
  0.912890E+01  0.337363E-03  0.337363E-03  0.337363E-03  448910
  0.918071E+01  0.333876E-03  0.333876E-03  0.333876E-03  450618
  0.924184E+01  0.329717E-03  0.329717E-03  0.329717E-03  459554
  0.926440E+01  0.326161E-03  0.326161E-03  0.326161E-03  463106
  0.933592E+01  0.322852E-03  0.322852E-03  0.322852E-03  467094
  0.937602E+01  0.318388E-03  0.318388E-03  0.318388E-03  474938
  0.942178E+01  0.314988E-03  0.314988E-03  0.314988E-03  477186
  0.948830E+01  0.310502E-03  0.310502E-03  0.310502E-03  484670
  0.950902E+01  0.307704E-03  0.307704E-03  0.307704E-03  487010
  0.956615E+01  0.303943E-03  0.303943E-03  0.303943E-03  493314
  0.961899E+01  0.301306E-03  0.301306E-03  0.301306E-03  496322
  0.966396E+01  0.297234E-03  0.297234E-03  0.297234E-03  501702
