  0.616788E-01  0.153024E+03  0.153024E+03  0.153024E+03      18
  0.107820E+00  0.552139E+02  0.552139E+02  0.552139E+02      62
  0.151481E+00  0.493800E+02  0.493800E+02  0.493800E+02      98
  0.196257E+00  0.329382E+02  0.329382E+02  0.329382E+02     210
  0.246377E+00  0.219227E+02  0.219227E+02  0.219227E+02     350
  0.295886E+00  0.158996E+02  0.158996E+02  0.158996E+02     450
  0.341793E+00  0.114513E+02  0.114513E+02  0.114513E+02     602
  0.387869E+00  0.840147E+01  0.840147E+01  0.840147E+01     762
  0.437763E+00  0.650973E+01  0.650973E+01  0.650973E+01    1142
  0.487834E+00  0.519523E+01  0.519523E+01  0.519523E+01    1250
  0.534616E+00  0.387385E+01  0.387385E+01  0.387385E+01    1458
  0.581396E+00  0.329931E+01  0.329931E+01  0.329931E+01    1814
  0.630484E+00  0.269673E+01  0.269673E+01  0.269673E+01    2178
  0.679250E+00  0.223266E+01  0.223266E+01  0.223266E+01    2498
  0.725784E+00  0.185767E+01  0.185767E+01  0.185767E+01    2622
  0.773540E+00  0.154188E+01  0.154188E+01  0.154188E+01    3338
  0.823184E+00  0.134870E+01  0.134870E+01  0.134870E+01    3722
  0.872517E+00  0.116058E+01  0.116058E+01  0.116058E+01    4170
  0.920069E+00  0.989726E+00  0.989726E+00  0.989726E+00    4358
  0.967539E+00  0.886593E+00  0.886593E+00  0.886593E+00    5034
  0.101653E+01  0.765378E+00  0.765378E+00  0.765378E+00    5714
  0.106505E+01  0.688156E+00  0.688156E+00  0.688156E+00    5982
  0.111270E+01  0.617395E+00  0.617396E+00  0.617395E+00    6602
  0.116041E+01  0.563540E+00  0.563540E+00  0.563540E+00    7130
  0.120902E+01  0.495624E+00  0.495624E+00  0.495624E+00    8034
  0.125801E+01  0.450024E+00  0.450024E+00  0.450024E+00    8606
  0.130635E+01  0.413889E+00  0.413889E+00  0.413889E+00    9066
  0.135461E+01  0.373211E+00  0.373211E+00  0.373211E+00    9962
  0.140308E+01  0.336191E+00  0.336191E+00  0.336191E+00   10550
  0.145116E+01  0.316997E+00  0.316997E+00  0.316997E+00   11226
  0.149928E+01  0.290984E+00  0.290984E+00  0.290984E+00   12146
  0.154725E+01  0.270972E+00  0.270972E+00  0.270972E+00   12606
  0.159532E+01  0.247944E+00  0.247944E+00  0.247944E+00   13802
  0.164415E+01  0.231501E+00  0.231501E+00  0.231501E+00   14754
  0.169257E+01  0.214570E+00  0.214570E+00  0.214570E+00   15194
  0.174072E+01  0.205391E+00  0.205391E+00  0.205391E+00   16454
  0.178926E+01  0.187419E+00  0.187419E+00  0.187419E+00   17154
  0.183761E+01  0.176840E+00  0.176840E+00  0.176840E+00   18266
  0.188555E+01  0.170718E+00  0.170718E+00  0.170718E+00   18750
  0.193365E+01  0.156587E+00  0.156587E+00  0.156587E+00   20234
  0.198236E+01  0.150093E+00  0.150093E+00  0.150093E+00   21450
  0.203093E+01  0.139116E+00  0.139116E+00  0.139116E+00   21962
  0.207919E+01  0.130440E+00  0.130440E+00  0.130440E+00   23462
  0.212737E+01  0.125162E+00  0.125162E+00  0.125162E+00   24042
  0.217595E+01  0.117767E+00  0.117767E+00  0.117767E+00   25946
  0.222419E+01  0.112567E+00  0.112567E+00  0.112567E+00   26118
  0.227195E+01  0.109391E+00  0.109391E+00  0.109391E+00   27506
  0.232002E+01  0.102835E+00  0.102835E+00  0.102835E+00   29066
  0.236882E+01  0.977543E-01  0.977543E-01  0.977543E-01   30450
  0.241757E+01  0.937249E-01  0.937249E-01  0.937249E-01   31742
  0.246571E+01  0.894044E-01  0.894044E-01  0.894044E-01   32250
  0.251396E+01  0.843712E-01  0.843712E-01  0.843712E-01   34250
  0.256248E+01  0.819203E-01  0.819203E-01  0.819203E-01   35454
  0.261076E+01  0.787604E-01  0.787604E-01  0.787604E-01   36434
  0.265874E+01  0.751723E-01  0.751723E-01  0.751723E-01   37682
  0.270679E+01  0.723139E-01  0.723139E-01  0.723139E-01   39294
  0.275540E+01  0.701301E-01  0.701301E-01  0.701301E-01   41426
  0.280396E+01  0.668910E-01  0.668910E-01  0.668910E-01   42066
  0.285204E+01  0.641007E-01  0.641007E-01  0.641007E-01   43490
  0.290041E+01  0.619331E-01  0.619331E-01  0.619331E-01   45702
  0.294896E+01  0.598646E-01  0.598646E-01  0.598646E-01   46634
  0.299732E+01  0.581669E-01  0.581669E-01  0.581669E-01   48554
  0.304523E+01  0.560096E-01  0.560096E-01  0.560096E-01   48870
  0.309316E+01  0.545046E-01  0.545047E-01  0.545047E-01   51554
  0.314188E+01  0.522387E-01  0.522387E-01  0.522387E-01   54090
  0.319055E+01  0.508324E-01  0.508324E-01  0.508324E-01   54314
  0.323890E+01  0.492040E-01  0.492040E-01  0.492040E-01   56910
  0.328715E+01  0.474695E-01  0.474695E-01  0.474695E-01   57482
  0.333562E+01  0.459355E-01  0.459355E-01  0.459355E-01   60626
  0.338390E+01  0.448428E-01  0.448428E-01  0.448428E-01   61206
  0.343191E+01  0.428715E-01  0.428715E-01  0.428715E-01   62570
  0.348020E+01  0.419517E-01  0.419517E-01  0.419517E-01   65730
  0.352860E+01  0.411198E-01  0.411198E-01  0.411198E-01   66686
  0.357713E+01  0.397390E-01  0.397390E-01  0.397390E-01   69698
  0.362544E+01  0.386478E-01  0.386478E-01  0.386478E-01   70026
  0.367371E+01  0.373059E-01  0.373059E-01  0.373059E-01   72746
  0.372214E+01  0.363226E-01  0.363226E-01  0.363226E-01   74910
  0.377042E+01  0.351860E-01  0.351860E-01  0.351860E-01   75722
  0.381849E+01  0.344519E-01  0.344519E-01  0.344519E-01   78378
  0.386671E+01  0.337450E-01  0.337450E-01  0.337450E-01   80030
  0.391512E+01  0.326545E-01  0.326545E-01  0.326545E-01   83186
  0.396361E+01  0.317603E-01  0.317603E-01  0.317603E-01   84666
  0.401199E+01  0.307418E-01  0.307418E-01  0.307418E-01   86546
  0.406023E+01  0.299577E-01  0.299577E-01  0.299577E-01   88134
  0.410850E+01  0.293386E-01  0.293386E-01  0.293386E-01   91538
  0.415721E+01  0.285040E-01  0.285040E-01  0.285040E-01   93138
  0.420542E+01  0.276606E-01  0.276605E-01  0.276606E-01   94478
  0.425359E+01  0.270434E-01  0.270434E-01  0.270434E-01   97274
  0.430187E+01  0.264489E-01  0.264489E-01  0.264489E-01   99690
  0.435049E+01  0.256797E-01  0.256797E-01  0.256797E-01  102590
  0.439893E+01  0.249618E-01  0.249618E-01  0.249618E-01  103770
  0.444710E+01  0.243753E-01  0.243753E-01  0.243753E-01  106346
  0.449544E+01  0.237973E-01  0.237973E-01  0.237973E-01  108546
  0.454361E+01  0.232633E-01  0.232633E-01  0.232633E-01  110726
  0.459166E+01  0.227318E-01  0.227318E-01  0.227318E-01  112322
  0.463973E+01  0.221324E-01  0.221324E-01  0.221324E-01  115890
  0.468829E+01  0.214994E-01  0.214994E-01  0.214994E-01  118766
  0.473690E+01  0.209865E-01  0.209865E-01  0.209865E-01  122298
  0.478534E+01  0.204328E-01  0.204328E-01  0.204328E-01  122090
  0.483331E+01  0.198429E-01  0.198429E-01  0.198429E-01  125810
  0.488221E+01  0.193689E-01  0.193689E-01  0.193689E-01  128190
  0.492986E+01  0.189252E-01  0.189252E-01  0.189252E-01  130994
  0.497913E+01  0.184478E-01  0.184478E-01  0.184478E-01  133722
  0.502638E+01  0.180443E-01  0.180443E-01  0.180443E-01  133886
  0.507530E+01  0.176324E-01  0.176324E-01  0.176324E-01  140538
  0.512349E+01  0.171825E-01  0.171825E-01  0.171825E-01  140594
  0.517182E+01  0.167370E-01  0.167370E-01  0.167370E-01  143594
  0.522025E+01  0.164049E-01  0.164049E-01  0.164049E-01  146310
  0.526828E+01  0.158997E-01  0.158997E-01  0.158997E-01  150650
  0.531760E+01  0.155866E-01  0.155866E-01  0.155866E-01  151914
  0.536456E+01  0.151421E-01  0.151421E-01  0.151421E-01  153398
  0.541406E+01  0.148124E-01  0.148124E-01  0.148124E-01  157866
  0.546068E+01  0.144122E-01  0.144122E-01  0.144122E-01  160658
  0.551102E+01  0.141854E-01  0.141854E-01  0.141854E-01  164102
  0.555790E+01  0.137343E-01  0.137343E-01  0.137343E-01  164994
  0.560709E+01  0.134318E-01  0.134318E-01  0.134318E-01  169850
  0.565508E+01  0.130930E-01  0.130930E-01  0.130930E-01  172986
  0.570355E+01  0.128299E-01  0.128299E-01  0.128299E-01  173894
  0.575172E+01  0.124945E-01  0.124945E-01  0.124945E-01  176778
  0.579941E+01  0.122409E-01  0.122409E-01  0.122409E-01  181802
  0.584914E+01  0.120363E-01  0.120363E-01  0.120363E-01  184430
  0.589557E+01  0.116169E-01  0.116169E-01  0.116169E-01  187242
  0.594562E+01  0.114756E-01  0.114756E-01  0.114756E-01  190250
  0.599303E+01  0.111813E-01  0.111813E-01  0.111813E-01  192570
  0.604305E+01  0.108408E-01  0.108408E-01  0.108408E-01  198254
  0.608972E+01  0.106574E-01  0.106574E-01  0.106574E-01  198074
  0.613796E+01  0.104332E-01  0.104332E-01  0.104332E-01  202050
  0.618651E+01  0.101030E-01  0.101030E-01  0.101030E-01  205502
  0.623594E+01  0.993557E-02  0.993557E-02  0.993557E-02  210666
  0.628407E+01  0.977050E-02  0.977050E-02  0.977050E-02  212426
  0.633035E+01  0.948929E-02  0.948929E-02  0.948929E-02  213918
  0.637942E+01  0.924530E-02  0.924530E-02  0.924530E-02  220994
  0.642946E+01  0.900811E-02  0.900811E-02  0.900811E-02  221522
  0.647845E+01  0.881197E-02  0.881197E-02  0.881197E-02  226314
  0.652392E+01  0.866407E-02  0.866407E-02  0.866407E-02  227294
  0.657198E+01  0.844760E-02  0.844760E-02  0.844760E-02  232962
  0.662257E+01  0.825659E-02  0.825659E-02  0.825659E-02  237818
  0.667183E+01  0.808789E-02  0.808789E-02  0.808789E-02  238398
  0.671849E+01  0.792643E-02  0.792643E-02  0.792643E-02  241418
  0.676498E+01  0.772972E-02  0.772972E-02  0.772972E-02  246818
  0.681433E+01  0.758507E-02  0.758507E-02  0.758507E-02  249906
  0.686528E+01  0.740389E-02  0.740389E-02  0.740389E-02  254702
  0.691298E+01  0.726303E-02  0.726303E-02  0.726303E-02  254418
  0.695785E+01  0.706603E-02  0.706602E-02  0.706603E-02  260354
  0.700581E+01  0.690182E-02  0.690182E-02  0.690182E-02  264974
  0.705877E+01  0.678915E-02  0.678915E-02  0.678915E-02  268722
  0.710699E+01  0.662519E-02  0.662519E-02  0.662519E-02  271562
  0.715289E+01  0.649497E-02  0.649497E-02  0.649497E-02  275586
  0.719961E+01  0.630317E-02  0.630317E-02  0.630317E-02  280190
  0.725018E+01  0.620562E-02  0.620562E-02  0.620562E-02  282834
  0.730103E+01  0.604784E-02  0.604784E-02  0.604784E-02  285170
  0.734780E+01  0.593809E-02  0.593809E-02  0.593809E-02  289886
  0.739210E+01  0.579647E-02  0.579647E-02  0.579647E-02  294474
  0.744176E+01  0.566180E-02  0.566180E-02  0.566180E-02  299498
  0.749490E+01  0.556557E-02  0.556557E-02  0.556557E-02  299958
  0.753847E+01  0.545192E-02  0.545192E-02  0.545192E-02  305858
  0.759147E+01  0.535516E-02  0.535516E-02  0.535516E-02  310794
  0.763314E+01  0.520129E-02  0.520129E-02  0.520129E-02  313082
  0.768538E+01  0.510802E-02  0.510802E-02  0.510802E-02  316046
  0.773783E+01  0.503295E-02  0.503295E-02  0.503295E-02  322218
  0.777621E+01  0.490773E-02  0.490774E-02  0.490773E-02  328562
  0.783353E+01  0.483298E-02  0.483298E-02  0.483298E-02  327990
  0.787657E+01  0.470444E-02  0.470444E-02  0.470444E-02  335282
  0.792497E+01  0.462105E-02  0.462105E-02  0.462105E-02  335970
  0.798201E+01  0.452171E-02  0.452171E-02  0.452171E-02  344066
  0.801640E+01  0.442197E-02  0.442197E-02  0.442197E-02  343718
  0.807321E+01  0.433075E-02  0.433075E-02  0.433075E-02  351498
  0.812290E+01  0.422710E-02  0.422710E-02  0.422710E-02  354458
  0.816097E+01  0.415393E-02  0.415393E-02  0.415393E-02  358566
  0.822650E+01  0.407610E-02  0.407610E-02  0.407610E-02  366122
  0.825878E+01  0.399852E-02  0.399852E-02  0.399852E-02  365810
  0.831351E+01  0.392271E-02  0.392271E-02  0.392271E-02  371622
  0.836771E+01  0.383020E-02  0.383020E-02  0.383020E-02  375986
  0.839862E+01  0.376104E-02  0.376104E-02  0.376104E-02  382170
  0.846880E+01  0.368478E-02  0.368478E-02  0.368478E-02  381818
  0.850236E+01  0.362443E-02  0.362443E-02  0.362443E-02  389574
  0.855193E+01  0.355310E-02  0.355310E-02  0.355310E-02  393698
  0.861280E+01  0.347270E-02  0.347270E-02  0.347269E-02  399458
  0.864056E+01  0.339975E-02  0.339975E-02  0.339975E-02  402222
  0.870672E+01  0.334180E-02  0.334180E-02  0.334180E-02  406922
  0.874943E+01  0.327273E-02  0.327273E-02  0.327273E-02  412842
  0.878742E+01  0.322870E-02  0.322870E-02  0.322870E-02  415346
  0.885832E+01  0.315569E-02  0.315569E-02  0.315569E-02  421182
  0.888403E+01  0.309824E-02  0.309824E-02  0.309824E-02  425018
  0.894364E+01  0.304144E-02  0.304144E-02  0.304144E-02  431138
  0.899601E+01  0.298118E-02  0.298118E-02  0.298118E-02  434382
  0.902102E+01  0.291805E-02  0.291805E-02  0.291805E-02  439514
  0.910421E+01  0.286469E-02  0.286469E-02  0.286469E-02  444738
  0.912890E+01  0.280121E-02  0.280122E-02  0.280121E-02  448910
  0.918071E+01  0.275705E-02  0.275705E-02  0.275705E-02  450618
  0.924184E+01  0.269515E-02  0.269515E-02  0.269515E-02  459554
  0.926440E+01  0.265291E-02  0.265291E-02  0.265291E-02  463106
  0.933592E+01  0.260444E-02  0.260444E-02  0.260444E-02  467094
  0.937602E+01  0.256117E-02  0.256117E-02  0.256117E-02  474938
  0.942178E+01  0.251365E-02  0.251365E-02  0.251365E-02  477186
  0.948830E+01  0.247288E-02  0.247288E-02  0.247288E-02  484670
  0.950902E+01  0.241820E-02  0.241820E-02  0.241820E-02  487010
  0.956615E+01  0.237804E-02  0.237804E-02  0.237804E-02  493314
  0.961899E+01  0.234640E-02  0.234640E-02  0.234640E-02  496322
  0.966396E+01  0.229567E-02  0.229567E-02  0.229567E-02  501702
