  0.616788E-01  0.172655E+04  0.172655E+04  0.172655E+04      18
  0.107820E+00  0.295973E+03  0.295973E+03  0.295973E+03      62
  0.151481E+00  0.160158E+03  0.160158E+03  0.160158E+03      98
  0.196257E+00  0.695134E+02  0.695134E+02  0.695134E+02     210
  0.246377E+00  0.312526E+02  0.312526E+02  0.312526E+02     350
  0.295886E+00  0.183664E+02  0.183664E+02  0.183664E+02     450
  0.341793E+00  0.112808E+02  0.112808E+02  0.112808E+02     602
  0.387869E+00  0.871967E+01  0.871967E+01  0.871967E+01     762
  0.437763E+00  0.559136E+01  0.559136E+01  0.559136E+01    1142
  0.487834E+00  0.374698E+01  0.374698E+01  0.374698E+01    1250
  0.534616E+00  0.292289E+01  0.292289E+01  0.292289E+01    1458
  0.581396E+00  0.202646E+01  0.202646E+01  0.202646E+01    1814
  0.630484E+00  0.171905E+01  0.171905E+01  0.171905E+01    2178
  0.679250E+00  0.134434E+01  0.134434E+01  0.134434E+01    2498
  0.725784E+00  0.104836E+01  0.104836E+01  0.104836E+01    2622
  0.773540E+00  0.870068E+00  0.870068E+00  0.870068E+00    3338
  0.823184E+00  0.720366E+00  0.720366E+00  0.720366E+00    3722
  0.872517E+00  0.609855E+00  0.609855E+00  0.609855E+00    4170
  0.920069E+00  0.477970E+00  0.477970E+00  0.477970E+00    4358
  0.967539E+00  0.423561E+00  0.423561E+00  0.423561E+00    5034
  0.101653E+01  0.373884E+00  0.373884E+00  0.373884E+00    5714
  0.106505E+01  0.300648E+00  0.300648E+00  0.300648E+00    5982
  0.111270E+01  0.261168E+00  0.261168E+00  0.261168E+00    6602
  0.116041E+01  0.235753E+00  0.235753E+00  0.235753E+00    7130
  0.120902E+01  0.218620E+00  0.218620E+00  0.218620E+00    8034
  0.125801E+01  0.186996E+00  0.186996E+00  0.186996E+00    8606
  0.130635E+01  0.170799E+00  0.170799E+00  0.170799E+00    9066
  0.135461E+01  0.151092E+00  0.151092E+00  0.151092E+00    9962
  0.140308E+01  0.135185E+00  0.135185E+00  0.135185E+00   10550
  0.145116E+01  0.119141E+00  0.119141E+00  0.119141E+00   11226
  0.149928E+01  0.109867E+00  0.109867E+00  0.109867E+00   12146
  0.154725E+01  0.990284E-01  0.990284E-01  0.990284E-01   12606
  0.159532E+01  0.898436E-01  0.898436E-01  0.898436E-01   13802
  0.164415E+01  0.849627E-01  0.849628E-01  0.849628E-01   14754
  0.169257E+01  0.755294E-01  0.755294E-01  0.755294E-01   15194
  0.174072E+01  0.715200E-01  0.715200E-01  0.715200E-01   16454
  0.178926E+01  0.662104E-01  0.662104E-01  0.662104E-01   17154
  0.183761E+01  0.606004E-01  0.606004E-01  0.606004E-01   18266
  0.188555E+01  0.569524E-01  0.569524E-01  0.569524E-01   18750
  0.193365E+01  0.529933E-01  0.529933E-01  0.529933E-01   20234
  0.198236E+01  0.502885E-01  0.502885E-01  0.502885E-01   21450
  0.203093E+01  0.465281E-01  0.465281E-01  0.465281E-01   21962
  0.207919E+01  0.430724E-01  0.430724E-01  0.430724E-01   23462
  0.212737E+01  0.408365E-01  0.408365E-01  0.408365E-01   24042
  0.217595E+01  0.386676E-01  0.386676E-01  0.386676E-01   25946
  0.222419E+01  0.368925E-01  0.368925E-01  0.368925E-01   26118
  0.227195E+01  0.348777E-01  0.348777E-01  0.348777E-01   27506
  0.232002E+01  0.320656E-01  0.320656E-01  0.320656E-01   29066
  0.236882E+01  0.307544E-01  0.307544E-01  0.307544E-01   30450
  0.241757E+01  0.297544E-01  0.297544E-01  0.297544E-01   31742
  0.246571E+01  0.279380E-01  0.279380E-01  0.279380E-01   32250
  0.251396E+01  0.267730E-01  0.267730E-01  0.267730E-01   34250
  0.256248E+01  0.254147E-01  0.254148E-01  0.254147E-01   35454
  0.261076E+01  0.246170E-01  0.246170E-01  0.246170E-01   36434
  0.265874E+01  0.230469E-01  0.230469E-01  0.230469E-01   37682
  0.270679E+01  0.222750E-01  0.222750E-01  0.222750E-01   39294
  0.275540E+01  0.209958E-01  0.209958E-01  0.209958E-01   41426
  0.280396E+01  0.200398E-01  0.200398E-01  0.200398E-01   42066
  0.285204E+01  0.193699E-01  0.193699E-01  0.193699E-01   43490
  0.290041E+01  0.184131E-01  0.184131E-01  0.184131E-01   45702
  0.294896E+01  0.177333E-01  0.177333E-01  0.177333E-01   46634
  0.299732E+01  0.172708E-01  0.172708E-01  0.172708E-01   48554
  0.304523E+01  0.165722E-01  0.165722E-01  0.165722E-01   48870
  0.309316E+01  0.160852E-01  0.160852E-01  0.160852E-01   51554
  0.314188E+01  0.154265E-01  0.154265E-01  0.154265E-01   54090
  0.319055E+01  0.148448E-01  0.148448E-01  0.148448E-01   54314
  0.323890E+01  0.143773E-01  0.143773E-01  0.143773E-01   56910
  0.328715E+01  0.137667E-01  0.137667E-01  0.137667E-01   57482
  0.333562E+01  0.134040E-01  0.134040E-01  0.134040E-01   60626
  0.338390E+01  0.128367E-01  0.128367E-01  0.128367E-01   61206
  0.343191E+01  0.123882E-01  0.123882E-01  0.123882E-01   62570
  0.348020E+01  0.120598E-01  0.120598E-01  0.120598E-01   65730
  0.352860E+01  0.116271E-01  0.116271E-01  0.116271E-01   66686
  0.357713E+01  0.112751E-01  0.112751E-01  0.112751E-01   69698
  0.362544E+01  0.109490E-01  0.109490E-01  0.109490E-01   70026
  0.367371E+01  0.105727E-01  0.105727E-01  0.105727E-01   72746
  0.372214E+01  0.103524E-01  0.103524E-01  0.103524E-01   74910
  0.377042E+01  0.995694E-02  0.995694E-02  0.995694E-02   75722
  0.381849E+01  0.967977E-02  0.967977E-02  0.967977E-02   78378
  0.386671E+01  0.943426E-02  0.943426E-02  0.943426E-02   80030
  0.391512E+01  0.913576E-02  0.913576E-02  0.913576E-02   83186
  0.396361E+01  0.888897E-02  0.888897E-02  0.888897E-02   84666
  0.401199E+01  0.855257E-02  0.855257E-02  0.855257E-02   86546
  0.406023E+01  0.831303E-02  0.831303E-02  0.831303E-02   88134
  0.410850E+01  0.813171E-02  0.813171E-02  0.813171E-02   91538
  0.415721E+01  0.776814E-02  0.776815E-02  0.776815E-02   93138
  0.420542E+01  0.756758E-02  0.756758E-02  0.756758E-02   94478
  0.425359E+01  0.741619E-02  0.741619E-02  0.741619E-02   97274
  0.430187E+01  0.722507E-02  0.722507E-02  0.722507E-02   99690
  0.435049E+01  0.699443E-02  0.699443E-02  0.699443E-02  102590
  0.439893E+01  0.678853E-02  0.678853E-02  0.678853E-02  103770
  0.444710E+01  0.663465E-02  0.663465E-02  0.663465E-02  106346
  0.449544E+01  0.644119E-02  0.644119E-02  0.644119E-02  108546
  0.454361E+01  0.630746E-02  0.630746E-02  0.630746E-02  110726
  0.459166E+01  0.614064E-02  0.614064E-02  0.614064E-02  112322
  0.463973E+01  0.593945E-02  0.593945E-02  0.593945E-02  115890
  0.468829E+01  0.572235E-02  0.572235E-02  0.572235E-02  118766
  0.473690E+01  0.559781E-02  0.559781E-02  0.559781E-02  122298
  0.478534E+01  0.544148E-02  0.544148E-02  0.544148E-02  122090
  0.483331E+01  0.529537E-02  0.529537E-02  0.529537E-02  125810
  0.488221E+01  0.512476E-02  0.512476E-02  0.512476E-02  128190
  0.492986E+01  0.496089E-02  0.496089E-02  0.496089E-02  130994
  0.497913E+01  0.492216E-02  0.492216E-02  0.492216E-02  133722
  0.502638E+01  0.481869E-02  0.481869E-02  0.481869E-02  133886
  0.507530E+01  0.471148E-02  0.471148E-02  0.471148E-02  140538
  0.512349E+01  0.456196E-02  0.456196E-02  0.456196E-02  140594
  0.517182E+01  0.443503E-02  0.443503E-02  0.443503E-02  143594
  0.522025E+01  0.435390E-02  0.435390E-02  0.435390E-02  146310
  0.526828E+01  0.425594E-02  0.425593E-02  0.425594E-02  150650
  0.531760E+01  0.411302E-02  0.411302E-02  0.411302E-02  151914
  0.536456E+01  0.401695E-02  0.401695E-02  0.401695E-02  153398
  0.541406E+01  0.392497E-02  0.392497E-02  0.392497E-02  157866
  0.546068E+01  0.380884E-02  0.380884E-02  0.380884E-02  160658
  0.551102E+01  0.371097E-02  0.371097E-02  0.371097E-02  164102
  0.555790E+01  0.358189E-02  0.358189E-02  0.358189E-02  164994
  0.560709E+01  0.352824E-02  0.352824E-02  0.352824E-02  169850
  0.565508E+01  0.343797E-02  0.343797E-02  0.343797E-02  172986
  0.570355E+01  0.333936E-02  0.333936E-02  0.333936E-02  173894
  0.575172E+01  0.329316E-02  0.329316E-02  0.329316E-02  176778
  0.579941E+01  0.322050E-02  0.322050E-02  0.322050E-02  181802
  0.584914E+01  0.312949E-02  0.312949E-02  0.312949E-02  184430
  0.589557E+01  0.304626E-02  0.304626E-02  0.304626E-02  187242
  0.594562E+01  0.298521E-02  0.298521E-02  0.298521E-02  190250
  0.599303E+01  0.290828E-02  0.290828E-02  0.290828E-02  192570
  0.604305E+01  0.283904E-02  0.283904E-02  0.283904E-02  198254
  0.608972E+01  0.277412E-02  0.277412E-02  0.277412E-02  198074
  0.613796E+01  0.270765E-02  0.270765E-02  0.270765E-02  202050
  0.618651E+01  0.264958E-02  0.264958E-02  0.264958E-02  205502
  0.623594E+01  0.257688E-02  0.257688E-02  0.257688E-02  210666
  0.628407E+01  0.251554E-02  0.251554E-02  0.251554E-02  212426
  0.633035E+01  0.246605E-02  0.246605E-02  0.246605E-02  213918
  0.637942E+01  0.240394E-02  0.240394E-02  0.240393E-02  220994
  0.642946E+01  0.235750E-02  0.235750E-02  0.235750E-02  221522
  0.647845E+01  0.230457E-02  0.230457E-02  0.230457E-02  226314
  0.652392E+01  0.224071E-02  0.224071E-02  0.224071E-02  227294
  0.657198E+01  0.220327E-02  0.220327E-02  0.220327E-02  232962
  0.662257E+01  0.213212E-02  0.213212E-02  0.213212E-02  237818
  0.667183E+01  0.209709E-02  0.209709E-02  0.209709E-02  238398
  0.671849E+01  0.204462E-02  0.204462E-02  0.204462E-02  241418
  0.676498E+01  0.200281E-02  0.200281E-02  0.200281E-02  246818
  0.681433E+01  0.196368E-02  0.196368E-02  0.196368E-02  249906
  0.686528E+01  0.190972E-02  0.190972E-02  0.190972E-02  254702
  0.691298E+01  0.187387E-02  0.187387E-02  0.187387E-02  254418
  0.695785E+01  0.183250E-02  0.183250E-02  0.183250E-02  260354
  0.700581E+01  0.179122E-02  0.179122E-02  0.179122E-02  264974
  0.705877E+01  0.175479E-02  0.175479E-02  0.175479E-02  268722
  0.710699E+01  0.170680E-02  0.170680E-02  0.170680E-02  271562
  0.715289E+01  0.167487E-02  0.167487E-02  0.167487E-02  275586
  0.719961E+01  0.163964E-02  0.163964E-02  0.163964E-02  280190
  0.725018E+01  0.161187E-02  0.161187E-02  0.161187E-02  282834
  0.730103E+01  0.157171E-02  0.157171E-02  0.157171E-02  285170
  0.734780E+01  0.154566E-02  0.154566E-02  0.154566E-02  289886
  0.739210E+01  0.150849E-02  0.150849E-02  0.150849E-02  294474
  0.744176E+01  0.147077E-02  0.147077E-02  0.147077E-02  299498
  0.749490E+01  0.144366E-02  0.144366E-02  0.144366E-02  299958
  0.753847E+01  0.141680E-02  0.141680E-02  0.141680E-02  305858
  0.759147E+01  0.138815E-02  0.138815E-02  0.138815E-02  310794
  0.763314E+01  0.135238E-02  0.135238E-02  0.135238E-02  313082
  0.768538E+01  0.132557E-02  0.132557E-02  0.132557E-02  316046
  0.773783E+01  0.129803E-02  0.129803E-02  0.129803E-02  322218
  0.777621E+01  0.127000E-02  0.127000E-02  0.127000E-02  328562
  0.783353E+01  0.124946E-02  0.124946E-02  0.124946E-02  327990
  0.787657E+01  0.122936E-02  0.122936E-02  0.122936E-02  335282
  0.792497E+01  0.119897E-02  0.119897E-02  0.119897E-02  335970
  0.798201E+01  0.117077E-02  0.117077E-02  0.117077E-02  344066
  0.801640E+01  0.115405E-02  0.115405E-02  0.115405E-02  343718
  0.807321E+01  0.112390E-02  0.112390E-02  0.112390E-02  351498
  0.812290E+01  0.110171E-02  0.110171E-02  0.110171E-02  354458
  0.816097E+01  0.108474E-02  0.108474E-02  0.108474E-02  358566
  0.822650E+01  0.106012E-02  0.106012E-02  0.106012E-02  366122
  0.825878E+01  0.103921E-02  0.103921E-02  0.103921E-02  365810
  0.831351E+01  0.102147E-02  0.102147E-02  0.102147E-02  371622
  0.836771E+01  0.100038E-02  0.100038E-02  0.100038E-02  375986
  0.839862E+01  0.979765E-03  0.979765E-03  0.979765E-03  382170
  0.846880E+01  0.965715E-03  0.965715E-03  0.965715E-03  381818
  0.850236E+01  0.947142E-03  0.947142E-03  0.947142E-03  389574
  0.855193E+01  0.930956E-03  0.930956E-03  0.930956E-03  393698
  0.861280E+01  0.907322E-03  0.907322E-03  0.907322E-03  399458
  0.864056E+01  0.891206E-03  0.891206E-03  0.891206E-03  402222
  0.870672E+01  0.870808E-03  0.870808E-03  0.870808E-03  406922
  0.874943E+01  0.858233E-03  0.858233E-03  0.858233E-03  412842
  0.878742E+01  0.844211E-03  0.844211E-03  0.844211E-03  415346
  0.885832E+01  0.826958E-03  0.826958E-03  0.826958E-03  421182
  0.888403E+01  0.812332E-03  0.812332E-03  0.812332E-03  425018
  0.894364E+01  0.795315E-03  0.795315E-03  0.795315E-03  431138
  0.899601E+01  0.779202E-03  0.779202E-03  0.779202E-03  434382
  0.902102E+01  0.764641E-03  0.764641E-03  0.764641E-03  439514
  0.910421E+01  0.752822E-03  0.752822E-03  0.752822E-03  444738
  0.912890E+01  0.740481E-03  0.740481E-03  0.740481E-03  448910
  0.918071E+01  0.728922E-03  0.728921E-03  0.728922E-03  450618
  0.924184E+01  0.712956E-03  0.712956E-03  0.712956E-03  459554
  0.926440E+01  0.698640E-03  0.698640E-03  0.698640E-03  463106
  0.933592E+01  0.686066E-03  0.686066E-03  0.686066E-03  467094
  0.937602E+01  0.674171E-03  0.674171E-03  0.674171E-03  474938
  0.942178E+01  0.665720E-03  0.665720E-03  0.665720E-03  477186
  0.948830E+01  0.653007E-03  0.653007E-03  0.653007E-03  484670
  0.950902E+01  0.639116E-03  0.639116E-03  0.639116E-03  487010
  0.956615E+01  0.630767E-03  0.630767E-03  0.630767E-03  493314
  0.961899E+01  0.620560E-03  0.620560E-03  0.620560E-03  496322
  0.966396E+01  0.609734E-03  0.609735E-03  0.609734E-03  501702
